At time 1733847254.292253274
- Translation: [0.000, 0.000, 0.000]
- Rotation: in Quaternion [0.000, 0.000, 0.704, 0.710]
- Rotation: in RPY (radian) [0.000, -0.000, 1.563]
- Rotation: in RPY (degree) [0.000, -0.000, 89.576]
- Matrix:
  0.007 -1.000  0.000  0.000
  1.000  0.007  0.000  0.000
  0.000  0.000  1.000  0.000
  0.000  0.000  0.000  1.000
At time 1733847255.301185084
- Translation: [0.000, 0.000, 0.000]
- Rotation: in Quaternion [0.000, 0.000, 0.704, 0.710]
- Rotation: in RPY (radian) [0.000, -0.000, 1.563]
- Rotation: in RPY (degree) [0.000, -0.000, 89.576]
- Matrix:
  0.007 -1.000  0.000  0.000
  1.000  0.007  0.000  0.000
  0.000  0.000  1.000  0.000
  0.000  0.000  0.000  1.000
At time 1733847256.292589774
- Translation: [0.000, 0.000, 0.000]
- Rotation: in Quaternion [0.000, 0.000, 0.704, 0.710]
- Rotation: in RPY (radian) [0.000, -0.000, 1.563]
- Rotation: in RPY (degree) [0.000, -0.000, 89.576]
- Matrix:
  0.007 -1.000  0.000  0.000
  1.000  0.007  0.000  0.000
  0.000  0.000  1.000  0.000
  0.000  0.000  0.000  1.000
At time 1733847257.301326026
- Translation: [0.000, 0.000, 0.000]
- Rotation: in Quaternion [0.000, 0.000, 0.704, 0.710]
- Rotation: in RPY (radian) [0.000, -0.000, 1.563]
- Rotation: in RPY (degree) [0.000, -0.000, 89.576]
- Matrix:
  0.007 -1.000  0.000  0.000
  1.000  0.007  0.000  0.000
  0.000  0.000  1.000  0.000
  0.000  0.000  0.000  1.000
At time 1733847258.293169174
- Translation: [-0.064, 0.000, 0.000]
- Rotation: in Quaternion [0.000, 0.000, 0.704, 0.710]
- Rotation: in RPY (radian) [0.000, -0.000, 1.563]
- Rotation: in RPY (degree) [0.000, -0.000, 89.576]
- Matrix:
  0.007 -1.000  0.000 -0.064
  1.000  0.007  0.000  0.000
  0.000  0.000  1.000  0.000
  0.000  0.000  0.000  1.000
At time 1733847259.301185128
- Translation: [-2.077, 0.048, 0.000]
- Rotation: in Quaternion [0.000, 0.000, 0.677, 0.736]
- Rotation: in RPY (radian) [0.000, -0.000, 1.488]
- Rotation: in RPY (degree) [0.000, -0.000, 85.276]
- Matrix:
  0.082 -0.997  0.000 -2.077
  0.997  0.082  0.000  0.048
  0.000  0.000  1.000  0.000
  0.000  0.000  0.000  1.000
At time 1733847260.292497324
- Translation: [0.014, 1.839, 0.000]
- Rotation: in Quaternion [0.000, 0.000, -0.643, 0.766]
- Rotation: in RPY (radian) [0.000, 0.000, -1.397]
- Rotation: in RPY (degree) [0.000, 0.000, -80.032]
- Matrix:
  0.173  0.985  0.000  0.014
 -0.985  0.173 -0.000  1.839
 -0.000  0.000  1.000  0.000
  0.000  0.000  0.000  1.000
At time 1733847261.301023061
- Translation: [-1.053, 1.442, 0.000]
- Rotation: in Quaternion [0.000, 0.000, -0.844, 0.536]
- Rotation: in RPY (radian) [0.000, 0.000, -2.011]
- Rotation: in RPY (degree) [0.000, 0.000, -115.219]
- Matrix:
 -0.426  0.905  0.000 -1.053
 -0.905 -0.426 -0.000  1.442
 -0.000  0.000  1.000  0.000
  0.000  0.000  0.000  1.000
At time 1733847262.293116594
- Translation: [-1.014, 1.130, 0.000]
- Rotation: in Quaternion [0.000, 0.000, -0.816, 0.577]
- Rotation: in RPY (radian) [0.000, 0.000, -1.911]
- Rotation: in RPY (degree) [0.000, 0.000, -109.469]
- Matrix:
 -0.333  0.943  0.000 -1.014
 -0.943 -0.333 -0.000  1.130
 -0.000  0.000  1.000  0.000
  0.000  0.000  0.000  1.000
At time 1733847263.301690218
- Translation: [-2.865, 0.404, 0.000]
- Rotation: in Quaternion [0.000, 0.000, -0.416, 0.909]
- Rotation: in RPY (radian) [0.000, 0.000, -0.859]
- Rotation: in RPY (degree) [0.000, 0.000, -49.203]
- Matrix:
  0.653  0.757  0.000 -2.865
 -0.757  0.653 -0.000  0.404
 -0.000  0.000  1.000  0.000
  0.000  0.000  0.000  1.000
At time 1733847264.294169942
- Translation: [-3.454, 0.306, 0.000]
- Rotation: in Quaternion [0.000, 0.000, -0.153, 0.988]
- Rotation: in RPY (radian) [0.000, 0.000, -0.308]
- Rotation: in RPY (degree) [0.000, 0.000, -17.639]
- Matrix:
  0.953  0.303  0.000 -3.454
 -0.303  0.953 -0.000  0.306
 -0.000  0.000  1.000  0.000
  0.000  0.000  0.000  1.000
At time 1733847265.300778781
- Translation: [-0.484, 1.756, 0.000]
- Rotation: in Quaternion [0.000, 0.000, -0.734, 0.680]
- Rotation: in RPY (radian) [0.000, 0.000, -1.647]
- Rotation: in RPY (degree) [0.000, 0.000, -94.381]
- Matrix:
 -0.076  0.997  0.000 -0.484
 -0.997 -0.076 -0.000  1.756
 -0.000  0.000  1.000  0.000
  0.000  0.000  0.000  1.000
At time 1733847266.292394697
- Translation: [-2.396, 0.839, 0.000]
- Rotation: in Quaternion [0.000, 0.000, -0.616, 0.788]
- Rotation: in RPY (radian) [0.000, 0.000, -1.326]
- Rotation: in RPY (degree) [0.000, 0.000, -75.982]
- Matrix:
  0.242  0.970  0.000 -2.396
 -0.970  0.242 -0.000  0.839
 -0.000  0.000  1.000  0.000
  0.000  0.000  0.000  1.000
At time 1733847267.301135882
- Translation: [-3.561, -0.050, 0.000]
- Rotation: in Quaternion [0.000, 0.000, -0.173, 0.985]
- Rotation: in RPY (radian) [0.000, 0.000, -0.349]
- Rotation: in RPY (degree) [0.000, 0.000, -19.978]
- Matrix:
  0.940  0.342  0.000 -3.561
 -0.342  0.940 -0.000 -0.050
 -0.000  0.000  1.000  0.000
  0.000  0.000  0.000  1.000
At time 1733847268.293428513
- Translation: [-3.814, -0.330, 0.000]
- Rotation: in Quaternion [0.000, 0.000, 0.006, 1.000]
- Rotation: in RPY (radian) [0.000, -0.000, 0.011]
- Rotation: in RPY (degree) [0.000, -0.000, 0.645]
- Matrix:
  1.000 -0.011  0.000 -3.814
  0.011  1.000  0.000 -0.330
  0.000  0.000  1.000  0.000
  0.000  0.000  0.000  1.000
At time 1733847269.301271069
- Translation: [-0.463, 2.063, 0.000]
- Rotation: in Quaternion [0.000, 0.000, -0.685, 0.729]
- Rotation: in RPY (radian) [0.000, 0.000, -1.508]
- Rotation: in RPY (degree) [0.000, 0.000, -86.427]
- Matrix:
  0.062  0.998  0.000 -0.463
 -0.998  0.062 -0.000  2.063
 -0.000  0.000  1.000  0.000
  0.000  0.000  0.000  1.000
At time 1733847270.292323127
- Translation: [-2.317, 1.002, 0.000]
- Rotation: in Quaternion [0.000, 0.000, -0.631, 0.776]
- Rotation: in RPY (radian) [0.000, 0.000, -1.366]
- Rotation: in RPY (degree) [0.000, 0.000, -78.282]
- Matrix:
  0.203  0.979  0.000 -2.317
 -0.979  0.203 -0.000  1.002
 -0.000  0.000  1.000  0.000
  0.000  0.000  0.000  1.000
At time 1733847271.300968649
- Translation: [-2.539, -1.560, 0.000]
- Rotation: in Quaternion [0.000, 0.000, 0.074, 0.997]
- Rotation: in RPY (radian) [0.000, -0.000, 0.147]
- Rotation: in RPY (degree) [0.000, -0.000, 8.447]
- Matrix:
  0.989 -0.147  0.000 -2.539
  0.147  0.989  0.000 -1.560
  0.000  0.000  1.000  0.000
  0.000  0.000  0.000  1.000
At time 1733847272.292970517
- Translation: [0.898, -1.014, 0.000]
- Rotation: in Quaternion [0.000, 0.000, 0.901, 0.434]
- Rotation: in RPY (radian) [0.000, -0.000, 2.244]
- Rotation: in RPY (degree) [0.000, -0.000, 128.576]
- Matrix:
 -0.624 -0.782  0.000  0.898
  0.782 -0.624  0.000 -1.014
  0.000  0.000  1.000  0.000
  0.000  0.000  0.000  1.000
At time 1733847273.301483524
- Translation: [-0.070, -0.844, 0.000]
- Rotation: in Quaternion [0.000, 0.000, 1.000, -0.010]
- Rotation: in RPY (radian) [0.000, -0.000, -3.122]
- Rotation: in RPY (degree) [0.000, -0.000, -178.887]
- Matrix:
 -1.000  0.019  0.000 -0.070
 -0.019 -1.000  0.000 -0.844
  0.000  0.000  1.000  0.000
  0.000  0.000  0.000  1.000
At time 1733847274.292710909
- Translation: [-1.367, -0.636, 0.000]
- Rotation: in Quaternion [-0.000, -0.000, 0.847, 0.531]
- Rotation: in RPY (radian) [-0.000, -0.000, 2.022]
- Rotation: in RPY (degree) [-0.000, -0.000, 115.877]
- Matrix:
 -0.436 -0.900 -0.000 -1.367
  0.900 -0.436  0.000 -0.636
  0.000 -0.000  1.000  0.000
  0.000  0.000  0.000  1.000
At time 1733847275.300347145
- Translation: [-0.142, -1.664, 0.000]
- Rotation: in Quaternion [0.000, 0.000, 0.823, 0.568]
- Rotation: in RPY (radian) [0.000, -0.000, 1.933]
- Rotation: in RPY (degree) [0.000, -0.000, 110.751]
- Matrix:
 -0.354 -0.935  0.000 -0.142
  0.935 -0.354  0.000 -1.664
  0.000  0.000  1.000  0.000
  0.000  0.000  0.000  1.000
At time 1733847276.292407524
- Translation: [-0.476, -0.692, 0.000]
- Rotation: in Quaternion [0.000, 0.000, 0.933, 0.359]
- Rotation: in RPY (radian) [0.000, -0.000, 2.407]
- Rotation: in RPY (degree) [0.000, -0.000, 137.929]
- Matrix:
 -0.742 -0.670  0.000 -0.476
  0.670 -0.742  0.000 -0.692
  0.000  0.000  1.000  0.000
  0.000  0.000  0.000  1.000
At time 1733847277.300245462
- Translation: [-2.516, -0.286, 0.000]
- Rotation: in Quaternion [0.000, 0.000, 0.487, 0.874]
- Rotation: in RPY (radian) [0.000, -0.000, 1.017]
- Rotation: in RPY (degree) [0.000, -0.000, 58.247]
- Matrix:
  0.526 -0.850  0.000 -2.516
  0.850  0.526  0.000 -0.286
  0.000  0.000  1.000  0.000
  0.000  0.000  0.000  1.000
At time 1733847278.293680231
- Translation: [-3.475, 0.336, 0.000]
- Rotation: in Quaternion [0.000, 0.000, 0.061, 0.998]
- Rotation: in RPY (radian) [0.000, -0.000, 0.122]
- Rotation: in RPY (degree) [0.000, -0.000, 6.964]
- Matrix:
  0.993 -0.121  0.000 -3.475
  0.121  0.993  0.000  0.336
  0.000  0.000  1.000  0.000
  0.000  0.000  0.000  1.000
At time 1733847279.301632160
- Translation: [-0.660, 2.007, 0.000]
- Rotation: in Quaternion [0.000, 0.000, -0.649, 0.760]
- Rotation: in RPY (radian) [0.000, 0.000, -1.414]
- Rotation: in RPY (degree) [0.000, 0.000, -80.989]
- Matrix:
  0.157  0.988  0.000 -0.660
 -0.988  0.157 -0.000  2.007
 -0.000  0.000  1.000  0.000
  0.000  0.000  0.000  1.000
At time 1733847280.293678590
- Translation: [-2.413, 0.967, 0.000]
- Rotation: in Quaternion [0.000, 0.000, -0.593, 0.805]
- Rotation: in RPY (radian) [0.000, 0.000, -1.270]
- Rotation: in RPY (degree) [0.000, 0.000, -72.770]
- Matrix:
  0.296  0.955  0.000 -2.413
 -0.955  0.296 -0.000  0.967
 -0.000  0.000  1.000  0.000
  0.000  0.000  0.000  1.000
At time 1733847281.301354642
- Translation: [-3.547, 0.051, 0.000]
- Rotation: in Quaternion [0.000, 0.000, -0.195, 0.981]
- Rotation: in RPY (radian) [0.000, 0.000, -0.392]
- Rotation: in RPY (degree) [0.000, 0.000, -22.433]
- Matrix:
  0.924  0.382  0.000 -3.547
 -0.382  0.924 -0.000  0.051
 -0.000  0.000  1.000  0.000
  0.000  0.000  0.000  1.000
At time 1733847282.292919273
- Translation: [-2.510, 1.294, 0.000]
- Rotation: in Quaternion [0.000, 0.000, -0.422, 0.906]
- Rotation: in RPY (radian) [0.000, 0.000, -0.872]
- Rotation: in RPY (degree) [0.000, 0.000, -49.970]
- Matrix:
  0.643  0.766  0.000 -2.510
 -0.766  0.643 -0.000  1.294
 -0.000  0.000  1.000  0.000
  0.000  0.000  0.000  1.000
At time 1733847283.300944415
- Translation: [-3.413, 0.411, 0.000]
- Rotation: in Quaternion [0.000, 0.000, -0.238, 0.971]
- Rotation: in RPY (radian) [0.000, 0.000, -0.481]
- Rotation: in RPY (degree) [0.000, 0.000, -27.568]
- Matrix:
  0.886  0.463  0.000 -3.413
 -0.463  0.886 -0.000  0.411
 -0.000  0.000  1.000  0.000
  0.000  0.000  0.000  1.000
At time 1733847284.293496250
- Translation: [-1.549, 1.774, 0.000]
- Rotation: in Quaternion [0.000, 0.000, -0.592, 0.806]
- Rotation: in RPY (radian) [0.000, 0.000, -1.268]
- Rotation: in RPY (degree) [0.000, 0.000, -72.667]
- Matrix:
  0.298  0.955  0.000 -1.549
 -0.955  0.298 -0.000  1.774
 -0.000  0.000  1.000  0.000
  0.000  0.000  0.000  1.000
At time 1733847285.301200975
- Translation: [-2.986, 0.729, 0.000]
- Rotation: in Quaternion [0.000, 0.000, -0.418, 0.909]
- Rotation: in RPY (radian) [0.000, 0.000, -0.862]
- Rotation: in RPY (degree) [0.000, 0.000, -49.391]
- Matrix:
  0.651  0.759  0.000 -2.986
 -0.759  0.651 -0.000  0.729
 -0.000  0.000  1.000  0.000
  0.000  0.000  0.000  1.000
At time 1733847286.292316920
- Translation: [-3.691, -0.041, 0.000]
- Rotation: in Quaternion [0.000, 0.000, -0.123, 0.992]
- Rotation: in RPY (radian) [0.000, 0.000, -0.247]
- Rotation: in RPY (degree) [0.000, 0.000, -14.179]
- Matrix:
  0.970  0.245  0.000 -3.691
 -0.245  0.970 -0.000 -0.041
 -0.000  0.000  1.000  0.000
  0.000  0.000  0.000  1.000
At time 1733847287.300427519
- Translation: [-2.833, -0.242, 0.000]
- Rotation: in Quaternion [0.000, 0.000, 0.008, 1.000]
- Rotation: in RPY (radian) [0.000, -0.000, 0.017]
- Rotation: in RPY (degree) [0.000, -0.000, 0.968]
- Matrix:
  1.000 -0.017  0.000 -2.833
  0.017  1.000  0.000 -0.242
  0.000  0.000  1.000  0.000
  0.000  0.000  0.000  1.000
At time 1733847288.293451488
- Translation: [-1.414, -0.168, 0.000]
- Rotation: in Quaternion [0.000, 0.000, 0.043, 0.999]
- Rotation: in RPY (radian) [0.000, -0.000, 0.085]
- Rotation: in RPY (degree) [0.000, -0.000, 4.875]
- Matrix:
  0.996 -0.085  0.000 -1.414
  0.085  0.996  0.000 -0.168
  0.000  0.000  1.000  0.000
  0.000  0.000  0.000  1.000
At time 1733847289.300654260
- Translation: [-0.705, -0.096, 0.000]
- Rotation: in Quaternion [0.000, 0.000, 0.059, 0.998]
- Rotation: in RPY (radian) [0.000, -0.000, 0.119]
- Rotation: in RPY (degree) [0.000, -0.000, 6.795]
- Matrix:
  0.993 -0.118  0.000 -0.705
  0.118  0.993  0.000 -0.096
  0.000  0.000  1.000  0.000
  0.000  0.000  0.000  1.000
At time 1733847290.292696410
- Translation: [-0.352, -0.051, 0.000]
- Rotation: in Quaternion [0.000, 0.000, 0.067, 0.998]
- Rotation: in RPY (radian) [0.000, -0.000, 0.135]
- Rotation: in RPY (degree) [0.000, -0.000, 7.739]
- Matrix:
  0.991 -0.135  0.000 -0.352
  0.135  0.991  0.000 -0.051
  0.000  0.000  1.000  0.000
  0.000  0.000  0.000  1.000
At time 1733847291.301396068
- Translation: [-0.176, -0.026, 0.000]
- Rotation: in Quaternion [0.000, 0.000, 0.072, 0.997]
- Rotation: in RPY (radian) [0.000, -0.000, 0.143]
- Rotation: in RPY (degree) [0.000, -0.000, 8.203]
- Matrix:
  0.990 -0.143  0.000 -0.176
  0.143  0.990  0.000 -0.026
  0.000  0.000  1.000  0.000
  0.000  0.000  0.000  1.000
At time 1733847292.293212955
- Translation: [-0.088, -0.013, 0.000]
- Rotation: in Quaternion [0.000, 0.000, 0.074, 0.997]
- Rotation: in RPY (radian) [0.000, -0.000, 0.147]
- Rotation: in RPY (degree) [0.000, -0.000, 8.431]
- Matrix:
  0.989 -0.147  0.000 -0.088
  0.147  0.989  0.000 -0.013
  0.000  0.000  1.000  0.000
  0.000  0.000  0.000  1.000
At time 1733847293.301315440
- Translation: [-0.043, -0.007, 0.000]
- Rotation: in Quaternion [0.000, 0.000, 0.075, 0.997]
- Rotation: in RPY (radian) [0.000, -0.000, 0.149]
- Rotation: in RPY (degree) [0.000, -0.000, 8.545]
- Matrix:
  0.989 -0.149  0.000 -0.043
  0.149  0.989  0.000 -0.007
  0.000  0.000  1.000  0.000
  0.000  0.000  0.000  1.000
At time 1733847294.293457564
- Translation: [-0.022, -0.003, 0.000]
- Rotation: in Quaternion [0.000, 0.000, 0.075, 0.997]
- Rotation: in RPY (radian) [0.000, -0.000, 0.150]
- Rotation: in RPY (degree) [0.000, -0.000, 8.600]
- Matrix:
  0.989 -0.150  0.000 -0.022
  0.150  0.989  0.000 -0.003
  0.000  0.000  1.000  0.000
  0.000  0.000  0.000  1.000
